-1,-1,3575,3576,-1,-1,-1,-1,-1,-1,-1,-1,-1,-1,-1,-1,3575,3576,-1,-1,-1,-1,-1,-1,-1,-1,-1,3577,3578,-1,-1,-1,-1,-1,-1,-1,-1,-1,-1,-1,-1,3577,3578,-1,-1
-1,-1,3591,3592,-1,-1,-1,-1,-1,-1,-1,-1,-1,1476,1476,1476,1476,1476,1477,-1,-1,-1,-1,-1,-1,-1,-1,3593,3594,-1,-1,-1,-1,-1,-1,-1,-1,-1,-1,-1,-1,3593,3594,-1,-1
-1,1456,1457,1457,1457,1457,1457,1457,1457,1457,1458,-1,1312,1313,1314,-1,1360,1361,1362,-1,-1,-1,-1,-1,-1,-1,-1,13926,13927,-1,-1,-1,-1,-1,-1,13972,13973,-1,-1,14826,14827,14828,14829,14830,-1
-1,1472,1473,1473,1473,1473,1473,1473,1473,1473,1474,-1,1328,1329,1330,-1,1376,1377,1378,-1,-1,-1,-1,-1,-1,-1,-1,13942,13943,-1,-1,13936,13937,-1,-1,13988,13989,-1,-1,14842,14843,14844,14845,14846,-1
-1,1472,1473,1473,1473,1473,1473,1473,1473,1473,1474,-1,1344,1345,1346,-1,1392,1393,1394,-1,-1,-1,-1,-1,-1,-1,-1,13958,13959,-1,-1,13952,13953,-1,-1,14004,14005,-1,-1,14858,14859,14860,14861,14862,-1
-1,1472,1473,1473,1473,1473,1473,1473,1473,1473,1474,-1,-1,-1,-1,-1,-1,-1,-1,-1,-1,-1,-1,-1,-1,-1,-1,13924,13925,-1,-1,13968,13969,-1,-1,13976,13977,-1,-1,-1,-1,-1,-1,-1,-1
-1,1472,1473,1473,1473,1473,1473,1473,1473,1473,1474,-1,1408,1409,1410,-1,1363,1364,1365,-1,-1,-1,-1,-1,-1,-1,-1,13940,13941,-1,-1,13984,13985,-1,-1,13992,13993,-1,-1,-1,-1,-1,-1,-1,-1
-1,1472,1473,1473,1473,1473,1473,1473,1473,1473,1474,-1,1424,1425,1426,-1,1379,1380,1381,-1,-1,756,756,756,-1,-1,-1,13956,13957,-1,-1,14000,14001,-1,-1,14008,14009,-1,-1,-1,-1,-1,-1,-1,-1
-1,1488,1489,1489,1489,1489,1489,1489,1489,1489,1490,-1,1440,1441,1442,-1,1395,1396,1397,-1,-1,756,756,756,-1,-1,-1,13922,13923,-1,-1,-1,-1,-1,-1,-1,-1,-1,-1,14924,14925,-1,-1,-1,-1
-1,-1,-1,-1,-1,-1,-1,-1,-1,-1,-1,-1,-1,-1,-1,-1,-1,-1,-1,-1,-1,756,756,756,-1,-1,-1,13938,13939,-1,-1,-1,-1,-1,-1,-1,-1,-1,-1,14940,14941,-1,-1,-1,-1
-1,-1,-1,-1,-1,-1,-1,-1,-1,-1,-1,-1,-1,-1,-1,-1,-1,-1,-1,-1,-1,756,756,756,-1,-1,-1,13954,13955,-1,-1,-1,-1,-1,-1,-1,-1,-1,-1,14956,14957,-1,-1,-1,-1
-1,-1,-1,-1,-1,-1,-1,-1,-1,-1,-1,-1,-1,-1,-1,-1,-1,-1,-1,-1,-1,756,756,756,-1,-1,-1,-1,-1,-1,-1,-1,-1,-1,-1,-1,-1,-1,-1,-1,-1,-1,-1,-1,-1
-1,-1,-1,-1,-1,-1,-1,-1,-1,-1,-1,-1,-1,-1,-1,-1,-1,-1,-1,-1,-1,756,756,756,-1,15607,15608,15609,-1,-1,-1,-1,-1,-1,-1,-1,-1,-1,-1,-1,-1,-1,-1,-1,-1
-1,-1,-1,-1,-1,-1,-1,-1,-1,-1,-1,-1,-1,-1,-1,-1,-1,-1,-1,-1,-1,756,756,756,-1,15623,15624,15625,-1,-1,-1,-1,-1,-1,-1,-1,-1,-1,-1,-1,-1,-1,-1,-1,-1
-1,-1,-1,-1,-1,-1,-1,-1,-1,-1,-1,-1,-1,-1,-1,-1,-1,-1,-1,-1,-1,-1,-1,-1,-1,-1,-1,-1,-1,-1,-1,-1,-1,-1,-1,-1,-1,-1,-1,-1,-1,-1,-1,-1,-1
-1,-1,-1,-1,-1,-1,-1,-1,-1,-1,-1,-1,-1,-1,-1,-1,-1,-1,-1,-1,-1,-1,-1,-1,-1,-1,-1,-1,-1,-1,-1,-1,-1,-1,-1,-1,-1,-1,-1,-1,-1,-1,-1,-1,-1
-1,-1,-1,-1,-1,-1,-1,-1,-1,-1,-1,-1,-1,-1,-1,-1,-1,-1,-1,-1,-1,15573,15574,15575,-1,-1,-1,-1,-1,-1,-1,-1,-1,-1,-1,-1,-1,-1,-1,-1,-1,-1,-1,-1,-1
-1,-1,-1,-1,-1,-1,-1,-1,-1,-1,-1,-1,-1,-1,-1,-1,-1,-1,-1,-1,-1,15589,15590,15591,-1,-1,-1,-1,-1,-1,-1,-1,-1,-1,-1,-1,-1,-1,-1,-1,-1,-1,-1,-1,-1
-1,-1,-1,-1,-1,-1,-1,-1,-1,-1,-1,-1,-1,-1,-1,-1,-1,-1,-1,-1,-1,-1,-1,-1,-1,-1,-1,-1,-1,-1,-1,-1,-1,-1,-1,-1,-1,-1,-1,-1,-1,-1,-1,-1,-1
-1,-1,-1,-1,-1,-1,-1,-1,-1,-1,-1,-1,-1,-1,-1,-1,-1,-1,-1,-1,-1,-1,-1,-1,-1,-1,-1,-1,-1,-1,-1,-1,-1,-1,-1,-1,-1,-1,-1,-1,-1,-1,-1,-1,-1
-1,3754,3755,1936,-1,-1,1937,15757,15758,-1,-1,-1,-1,1938,-1,-1,1936,-1,15702,-1,-1,-1,-1,-1,-1,-1,-1,-1,-1,-1,8801,8802,-1,-1,-1,-1,-1,-1,-1,5827,5827,-1,-1,-1,-1
-1,3770,3771,1952,-1,-1,1953,15773,15774,-1,-1,-1,-1,1954,-1,-1,1952,-1,15718,-1,-1,-1,-1,-1,-1,-1,-1,-1,-1,-1,8817,8818,-1,-1,-1,-1,-1,-1,-1,5843,5843,-1,-1,-1,-1
-1,3786,3787,-1,-1,-1,-1,15789,15790,-1,-1,-1,-1,-1,11719,11720,-1,-1,15734,-1,-1,-1,-1,-1,-1,-1,-1,-1,-1,-1,-1,-1,-1,-1,-1,-1,-1,-1,-1,5859,5859,-1,-1,-1,-1
-1,-1,-1,-1,-1,-1,-1,-1,-1,-1,-1,15793,15793,-1,11735,11736,-1,-1,-1,-1,-1,-1,-1,-1,-1,-1,-1,5776,5777,5778,-1,-1,-1,-1,-1,-1,-1,-1,-1,-1,-1,-1,-1,-1,-1
-1,-1,-1,-1,-1,-1,-1,-1,-1,-1,-1,-1,-1,-1,-1,-1,-1,-1,-1,-1,-1,-1,-1,-1,-1,-1,-1,5792,5793,5794,-1,-1,-1,5699,5700,5701,-1,-1,5908,5909,5910,5911,-1,-1,-1
-1,10623,-1,-1,12467,12468,-1,-1,-1,-1,-1,-1,-1,-1,-1,-1,-1,-1,10655,-1,-1,-1,-1,-1,-1,-1,-1,5808,5809,5810,-1,-1,-1,5715,5716,5717,-1,-1,5924,5925,5926,5927,-1,-1,-1
-1,10639,-1,-1,12483,12484,-1,-1,-1,-1,-1,-1,-1,-1,-1,-1,-1,-1,10671,-1,-1,-1,-1,-1,-1,-1,-1,5824,5825,5826,-1,-1,-1,5731,5732,5733,-1,-1,5940,5941,5942,5943,-1,-1,-1
-1,11283,11284,11285,-1,-1,-1,1893,1894,-1,-1,-1,-1,-1,-1,-1,11286,11287,11288,-1,-1,-1,-1,-1,-1,-1,-1,-1,-1,-1,-1,-1,-1,-1,-1,-1,-1,-1,-1,-1,-1,-1,-1,-1,-1
-1,11299,11300,11301,-1,-1,-1,1909,1910,-1,-1,-1,-1,-1,-1,-1,11302,11303,11304,-1,-1,-1,-1,-1,-1,-1,-1,-1,-1,-1,-1,-1,-1,-1,-1,-1,-1,-1,-1,-1,-1,-1,-1,-1,-1
-1,-1,-1,-1,-1,-1,-1,-1,-1,-1,-1,-1,-1,-1,-1,-1,-1,-1,-1,-1,-1,-1,-1,-1,-1,-1,-1,-1,-1,-1,-1,-1,-1,-1,-1,-1,-1,-1,-1,-1,-1,-1,-1,-1,-1
