-1,1459,1460,1460,1460,1460,1460,1460,1460,1460,1460,1460,1460,1460,1460,1460,1460,1460,1461,-1,-1,-1,-1,-1,-1,-1,-1,-1,-1,-1,-1,-1,-1,-1,-1,-1,-1,-1,-1,-1,-1,-1,-1,-1,-1
-1,1475,1476,1476,1476,1476,1476,1476,1476,1476,1476,1476,1476,1476,1366,1476,1476,1476,1462,-1,-1,-1,-1,-1,-1,-1,-1,-1,-1,-1,-1,-1,-1,-1,-1,-1,-1,-1,-1,-1,-1,-1,-1,-1,-1
-1,1504,1505,1602,1570,-1,-1,-1,16036,16037,-1,-1,1479,1480,1382,-1,1351,1352,1478,-1,-1,-1,-1,-1,-1,-1,-1,-1,-1,-1,-1,-1,-1,-1,-1,-1,-1,-1,-1,-1,-1,-1,-1,-1,-1
-1,1600,1601,1618,1586,-1,-1,-1,16052,16053,-1,-1,1495,1496,1398,-1,1367,1368,1494,-1,-1,-1,-1,-1,-1,-1,-1,-1,-1,-1,-1,-1,-1,-1,-1,-1,-1,-1,-1,-1,-1,-1,-1,-1,-1
-1,1605,1524,1525,1522,1523,-1,-1,-1,-1,-1,-1,-1,-1,-1,-1,-1,-1,-1,-1,-1,-1,-1,-1,-1,-1,-1,-1,-1,-1,-1,-1,-1,-1,-1,-1,-1,-1,-1,-1,-1,-1,-1,-1,-1
-1,1621,1540,1541,1538,1539,-1,-1,-1,-1,-1,-1,-1,-1,1414,-1,-1,-1,1318,-1,707,16950,16951,16952,710,-1,-1,-1,-1,-1,-1,-1,-1,-1,-1,-1,-1,-1,-1,14778,14779,-1,-1,-1,-1
-1,-1,1556,1557,1554,1555,-1,-1,-1,-1,-1,-1,1319,1320,1430,-1,1383,1384,1334,-1,723,16966,16967,16968,726,-1,-1,-1,-1,-1,-1,-1,-1,-1,-1,-1,-1,-1,-1,14794,14795,-1,-1,-1,-1
-1,-1,-1,-1,-1,-1,-1,-1,-1,-1,-1,-1,1335,1336,1446,-1,1399,1400,1350,-1,755,-1,-1,-1,758,-1,-1,-1,-1,-1,-1,-1,-1,-1,-1,-1,-1,-1,-1,14810,14811,-1,-1,-1,-1
-1,1634,1635,1636,1637,1638,-1,-1,-1,-1,-1,-1,-1,-1,-1,-1,-1,-1,-1,-1,755,-1,-1,-1,758,-1,-1,-1,-1,-1,-1,-1,-1,-1,-1,-1,-1,-1,-1,-1,-1,-1,-1,-1,-1
-1,1650,1651,1652,1653,1654,-1,-1,-1,-1,-1,-1,-1,-1,-1,-1,-1,1696,1697,-1,755,-1,-1,-1,758,-1,-1,-1,-1,-1,-1,-1,-1,-1,-1,-1,-1,-1,-1,-1,-1,-1,-1,-1,-1
-1,1666,1667,1668,1669,1670,-1,-1,-1,-1,-1,-1,-1,-1,-1,-1,-1,1712,1713,-1,755,-1,-1,-1,758,-1,-1,-1,-1,-1,-1,-1,-1,-1,-1,-1,-1,-1,-1,-1,-1,-1,-1,-1,-1
-1,1682,1683,1684,-1,-1,-1,-1,-1,-1,-1,-1,-1,-1,-1,-1,-1,1728,1729,-1,755,-1,-1,-1,758,-1,-1,-1,-1,-1,-1,-1,-1,-1,-1,-1,-1,-1,-1,-1,-1,-1,-1,-1,-1
-1,-1,-1,-1,-1,-1,-1,-1,-1,-1,-1,-1,-1,-1,-1,-1,-1,-1,-1,-1,755,-1,-1,-1,758,-1,-1,-1,15513,15514,15515,14584,-1,-1,-1,-1,-1,-1,-1,-1,-1,-1,-1,-1,-1
-1,-1,-1,-1,-1,-1,-1,-1,-1,-1,-1,-1,-1,-1,-1,-1,-1,-1,-1,-1,771,-1,-1,-1,774,-1,-1,-1,15529,15530,15531,14600,-1,-1,-1,-1,-1,-1,-1,-1,-1,-1,-1,-1,-1
-1,-1,-1,-1,-1,-1,-1,-1,-1,-1,-1,-1,-1,-1,-1,-1,-1,-1,-1,-1,787,788,789,789,790,-1,-1,-1,-1,-1,-1,14616,-1,-1,-1,-1,-1,-1,-1,-1,-1,-1,-1,-1,-1
-1,-1,-1,-1,-1,-1,-1,-1,-1,-1,-1,-1,-1,-1,-1,-1,-1,-1,-1,-1,-1,-1,-1,-1,-1,-1,-1,-1,-1,-1,-1,-1,-1,-1,-1,-1,-1,-1,-1,-1,-1,-1,-1,-1,-1
-1,-1,-1,-1,-1,-1,-1,-1,-1,-1,-1,-1,-1,-1,-1,-1,-1,-1,-1,-1,-1,-1,-1,-1,-1,-1,-1,-1,-1,-1,-1,-1,-1,-1,-1,-1,-1,-1,-1,-1,-1,-1,-1,-1,-1
-1,-1,-1,-1,-1,-1,-1,-1,-1,-1,-1,-1,-1,-1,-1,-1,-1,-1,-1,-1,-1,-1,-1,-1,-1,-1,-1,-1,-1,-1,-1,-1,-1,-1,-1,-1,-1,-1,-1,-1,-1,-1,-1,-1,-1
-1,-1,-1,-1,-1,-1,-1,-1,-1,-1,-1,-1,-1,-1,-1,-1,-1,-1,-1,-1,-1,-1,-1,-1,-1,-1,-1,-1,-1,-1,-1,-1,-1,-1,-1,-1,-1,-1,-1,-1,-1,-1,-1,-1,-1
-1,-1,-1,-1,-1,-1,-1,-1,-1,-1,-1,-1,-1,-1,-1,-1,-1,-1,-1,-1,-1,-1,-1,-1,-1,-1,-1,-1,-1,-1,-1,-1,-1,-1,-1,-1,-1,-1,-1,-1,-1,-1,-1,-1,-1
-1,-1,-1,-1,-1,-1,-1,-1,-1,-1,-1,-1,-1,-1,-1,-1,-1,-1,-1,-1,-1,-1,-1,-1,-1,-1,5827,5827,-1,-1,8801,8802,-1,-1,8835,8836,8837,-1,-1,-1,-1,-1,-1,-1,-1
-1,-1,-1,-1,-1,-1,-1,-1,-1,-1,-1,15698,15699,-1,-1,-1,-1,-1,-1,-1,-1,-1,-1,-1,-1,-1,5843,5843,8896,8897,8898,8818,-1,-1,8851,8852,8853,-1,-1,-1,-1,5742,5742,-1,-1
-1,-1,-1,-1,11725,11726,-1,-1,-1,-1,-1,15714,15715,-1,-1,-1,-1,-1,-1,-1,-1,-1,-1,-1,-1,-1,5859,5859,8912,8913,8914,-1,-1,-1,-1,-1,-1,-1,-1,-1,-1,5758,5758,5678,-1
-1,-1,-1,-1,11741,11742,-1,-1,-1,-1,-1,-1,-1,-1,-1,-1,-1,-1,-1,-1,-1,-1,-1,-1,-1,-1,5742,5776,5777,5778,-1,-1,-1,-1,-1,-1,-1,-1,-1,-1,-1,-1,-1,5694,-1
-1,11713,-1,-1,-1,-1,-1,-1,-1,-1,-1,15752,15753,15754,-1,-1,-1,-1,-1,-1,-1,-1,-1,-1,-1,-1,5758,5792,5793,5794,-1,-1,-1,5699,5762,5701,-1,-1,-1,-1,-1,-1,-1,5678,-1
-1,11729,-1,-1,-1,-1,-1,-1,-1,-1,-1,15768,15769,15770,-1,-1,-1,-1,11763,-1,-1,-1,-1,-1,-1,-1,5742,5808,5780,5810,-1,-1,-1,5715,5765,5717,-1,-1,-1,-1,5873,-1,-1,5694,-1
-1,-1,-1,-1,-1,-1,-1,-1,-1,-1,-1,-1,-1,-1,-1,-1,-1,-1,-1,-1,-1,-1,-1,-1,-1,-1,5758,5824,5825,5826,-1,-1,-1,5731,5781,5733,-1,-1,-1,-1,-1,-1,-1,-1,-1
-1,-1,-1,-1,-1,-1,-1,-1,-1,-1,-1,-1,-1,-1,-1,-1,-1,-1,-1,-1,-1,-1,-1,-1,-1,-1,-1,-1,5678,5678,-1,-1,-1,5678,5678,-1,-1,-1,-1,5742,5742,-1,-1,-1,-1
-1,-1,-1,-1,-1,-1,-1,-1,-1,-1,-1,-1,-1,-1,-1,-1,-1,-1,-1,-1,-1,-1,-1,-1,-1,-1,-1,-1,5694,5694,-1,-1,-1,5694,5694,-1,-1,-1,-1,5758,5758,-1,-1,-1,-1
-1,-1,-1,-1,-1,-1,-1,-1,-1,-1,-1,-1,-1,-1,-1,-1,-1,-1,-1,-1,-1,-1,-1,-1,-1,-1,-1,-1,-1,-1,-1,-1,-1,-1,-1,-1,-1,-1,-1,-1,-1,-1,-1,-1,-1
